Insert into matches 
 values 
(1,20,5,'2017/12/9',17),
(2,17,15,'2017/12/9',16),
(3,16,19,'2017/12/9',4),
(4,8,3,'2017/12/9',4),
(5,6,2,'2017/12/9',14),
(6,4,18,'2017/12/9',5),
(7,13,9,'2017/12/9',2),
(8,2,14,'2017/12/3',1),
(9,11,20,'2017/12/3',14),
(10,5,13,'2017/12/2',2),
(11,19,6,'2017/12/2',9),
(12,18,17,'2017/12/2',18),
(13,15,16,'2017/12/2',7),
(14,9,4,'2017/12/2',6),
(15,7,8,'2017/12/2',10),
(16,3,10,'2017/12/2',12),
(17,1,12,'2017/12/2',2),
(18,5,16,'2017/11/29',13),
(19,2,4,'2017/11/29',10),
(20,1,8,'2017/11/29',2),
(21,15,10,'2017/11/29',7),
(22,11,14,'2017/11/29',10),
(23,7,20,'2017/11/29',9),
(24,9,17,'2017/11/28',8),
(25,3,6,'2017/11/28',13),
(26,19,13,'2017/11/28',18),
(27,18,12,'2017/11/28',8),
(28,14,7,'2017/11/26',5),
(29,4,1,'2017/11/26',13),
(30,8,11,'2017/11/26',10),
(31,17,19,'2017/11/25',3),
(32,16,2,'2017/11/25',9),
(33,13,18,'2017/11/25',14),
(34,12,3,'2017/11/25',18),
(35,6,15,'2017/11/25',1),
(36,10,5,'2017/11/25',4),
(37,20,9,'2017/11/24',10),
(38,3,15,'2017/11/20',14),
(39,18,20,'2017/11/19',7),
(40,12,13,'2017/11/18',10),
(41,1,17,'2017/11/18',3),
(42,19,5,'2017/11/18',5),
(43,10,14,'2017/11/18',3),
(44,9,11,'2017/11/18',3),
(45,6,7,'2017/11/18',16),
(46,4,16,'2017/11/18',15),
(47,2,8,'2017/11/18',5),
(48,17,6,'2017/11/5',11),
(49,11,1,'2017/11/5',16),
(50,7,18,'2017/11/5',15),
(51,5,12,'2017/11/5',17),
(52,15,9,'2017/11/4',8),
(53,16,3,'2017/11/4',14),
(54,14,4,'2017/11/4',14),
(55,13,2,'2017/11/4',6),
(56,8,19,'2017/11/4',7),
(57,20,10,'2017/11/4',9),
(58,4,13,'2017/10/30',7),
(59,3,14,'2017/10/29',16),
(60,9,7,'2017/10/29',9),
(61,12,17,'2017/10/28',7),
(62,19,11,'2017/10/28',17),
(63,18,15,'2017/10/28',18),
(64,10,8,'2017/10/28',15),
(65,6,20,'2017/10/28',14),
(66,1,16,'2017/10/28',4),
(67,2,5,'2017/10/28',18),
(68,7,1,'2017/10/22',13),
(69,17,10,'2017/10/22',2),
(70,5,18,'2017/10/21',11),
(71,16,9,'2017/10/21',3),
(72,15,2,'2017/10/21',8),
(73,13,6,'2017/10/21',1),
(74,11,4,'2017/10/21',18),
(75,8,12,'2017/10/21',7),
(76,14,19,'2017/10/21',2),
(77,20,3,'2017/10/20',5),
(78,9,19,'2017/10/16',1),
(79,3,7,'2017/10/15',12),
(80,14,13,'2017/10/15',18),
(81,10,12,'2017/10/14',8),
(82,17,2,'2017/10/14',2),
(83,16,8,'2017/10/14',4),
(84,11,15,'2017/10/14',8),
(85,6,5,'2017/10/14',13),
(86,4,20,'2017/10/14',3),
(87,18,1,'2017/10/14',13),
(88,1,3,'2017/10/1',8),
(89,7,4,'2017/10/1',6),
(90,13,10,'2017/10/1',8),
(91,8,17,'2017/09/30',12),
(92,20,16,'2017/09/30',7),
(93,19,18,'2017/09/30',16),
(94,15,14,'2017/09/30',15),
(95,12,6,'2017/09/30',14),
(96,2,9,'2017/09/30',12),
(97,5,11,'2017/09/30',4),
(98,1,19,'2017/09/25',8),
(99,3,13,'2017/09/24',4),
(100,20,17,'2017/09/23',8),
(101,16,18,'2017/09/23',4),
(102,15,5,'2017/09/23',16),
(103,14,12,'2017/09/23',15),
(104,11,6,'2017/09/23',4),
(105,7,2,'2017/09/23',17),
(106,4,8,'2017/09/23',4),
(107,9,10,'2017/09/23',3),
(108,5,1,'2017/09/17',17),
(109,12,7,'2017/09/17',10),
(110,6,14,'2017/09/16',4),
(111,19,20,'2017/09/16',6),
(112,18,11,'2017/09/16',3),
(113,13,15,'2017/09/16',7),
(114,10,4,'2017/09/16',3),
(115,8,9,'2017/09/16',2),
(116,17,16,'2017/09/16',12),
(117,2,3,'2017/09/15',4),
(118,20,8,'2017/09/11',12),
(119,4,6,'2017/09/10',11),
(120,16,13,'2017/09/10',12),
(121,11,10,'2017/09/9',3),
(122,14,18,'2017/09/9',18),
(123,9,5,'2017/09/9',18),
(124,7,17,'2017/09/9',1),
(125,3,19,'2017/09/9',2),
(126,1,2,'2017/09/9',2),
(127,15,12,'2017/09/9',5),
(128,19,15,'2017/08/27',5),
(129,5,7,'2017/08/27',18),
(130,17,4,'2017/08/27',1),
(131,10,1,'2017/08/27',15),
(132,2,11,'2017/08/26',1),
(133,18,3,'2017/08/26',11),
(134,13,20,'2017/08/26',5),
(135,8,14,'2017/08/26',7),
(136,6,16,'2017/08/26',16),
(137,12,9,'2017/08/26',10),
(138,11,7,'2017/08/21',4),
(139,8,13,'2017/08/20',8),
(140,17,5,'2017/08/20',7),
(141,16,12,'2017/08/19',16),
(142,14,20,'2017/08/19',16),
(143,10,6,'2017/08/19',15),
(144,9,3,'2017/08/19',4),
(145,4,19,'2017/08/19',16),
(146,2,18,'2017/08/19',8),
(147,15,1,'2017/08/19',3),
(148,13,17,'2017/08/13',10),
(149,12,20,'2017/08/13',17),
(150,18,10,'2017/08/12',10),
(151,19,2,'2017/08/12',13),
(152,14,16,'2017/08/12',9),
(153,7,15,'2017/08/12',17),
(154,6,8,'2017/08/12',1),
(155,5,4,'2017/08/12',16),
(156,3,11,'2017/08/12',8),
(157,1,9,'2017/08/11',11),
